100 1.405971 0.622777 4.341255 176.993864 -0.233656 -127.414461 0.000000 7 101 103 105 106 108 109 110 111 112 123 125 126 127 129 130
101 4.036967 3.973111 4.525703 174.410758 -4.680232 -125.252317 0.000805 11666 100 102 104 105 106 107 110 111 112 123 124
102 2.637700 6.784951 4.349092 88.716471 0.268875 51.932044 0.001842 1122 101 104 105 106 107 123 124
103 0.707717 -0.749014 4.179842 89.933508 -0.240581 -127.188892 0.001774 1674 100 108 110 111 125 126 127 130
104 5.600478 6.255598 4.477543 179.680847 2.759958 53.660081 0.000738 3472 101 102 105 106 107 123 124 471
105 1.369648 5.202454 4.457011 179.404395 0.714170 52.772682 0.000214 9874 100 101 102 104 106 107 110 111 112 123 124
106 2.123892 5.544924 4.457346 -178.904102 0.027050 144.499024 0.000154 13920 100 101 102 104 105 107 110 111 112 123 124
107 3.673770 7.559168 4.432225 178.636712 -0.387713 -33.928328 0.000371 5776 101 102 104 105 106 112 123 124 471
108 -2.323153 -1.253368 4.349583 -178.656755 2.301276 -35.170203 0.000685 3400 100 103 109 110 111 125 126 127 129 130
110 -0.232169 3.027113 4.433180 179.575472 0.689874 -126.155861 0.000189 11054 100 101 103 105 106 108 111 112 123 125 126 127 129 130
111 -0.845402 2.376073 4.423349 -179.607492 0.242785 50.883142 0.000215 9820 100 101 103 105 106 108 110 112 123 125 126 127 129 130
112 0.394442 3.890576 4.438717 -179.443425 -0.456999 51.397879 0.000209 10142 100 101 105 106 107 110 111 123 124 125 130
123 2.692763 4.954241 4.445388 -179.618880 1.088852 49.770499 0.000128 17364 100 101 102 104 105 106 107 110 111 112 124
124 4.293392 7.156365 4.437435 178.576693 0.961454 40.095800 0.000464 4830 101 102 104 105 106 107 112 123 471
125 -2.807209 2.032692 4.442647 -177.520976 0.114626 52.437260 0.001543 1422 100 103 108 110 111 112 126 127 129 130
126 -3.573915 1.205263 4.451602 179.866829 -0.739057 46.983465 0.002608 860 100 103 108 110 111 125 127 129 130
127 -3.398344 -0.623316 4.385883 179.132697 -0.233872 140.644634 0.000954 2226 100 103 108 109 110 111 125 126 129 130
129 -4.222727 0.144608 4.522742 176.016789 -2.506625 -124.072563 0.003152 752 100 108 110 111 125 126 127 130
130 -1.982786 2.936640 4.427468 179.658307 -2.055779 140.497099 0.002190 980 100 103 108 110 111 112 125 126 127 129
